fly050  a_bd_a_d_cc_c_c_1111  (2,1,3,2)  (3,7,10,7)
fly156  c_bba_d_d_cc_b_c_1111  (1,3,3,2)  (5,8,3,7)
fly137  c_bba_a_d_cca_b_c_1111  (3,3,3,1)  (5,3,3,3)
cat503    d_d_a_c_b_b_a_1111  (1,2,1,2)  (4,1,2,3)
cat503    d_d_a_c_b_b_a_1111  (1,2,1,2)  (1,0,1,3)
cat503    d_d_a_c_b_b_a_1111  (1,2,1,2)  (2,1,2,5)
cat503    d_d_a_c_b_b_a_1111  (1,2,1,2)  (2,1,5,1)
cat503    d_d_a_c_b_b_a_1111  (1,2,1,2)  (1,0,2,0)
fly182  c_bba_a_d_cc_c_c_1111  (2,2,4,1)  (5,3,6,8)
cat503    d_d_a_c_b_b_a_1111  (1,2,1,2)  (3,5,3,1)
fly081  c_bba_a_d_cc_b_c_1111  (2,3,3,1)  (9,4,0,4)
fly165  c_bd_a_d_cc_b_a_1111  (1,2,3,2)  (7,10,5,4)
cat001    d_a_a_c_b_b_b_1111  (2,2,1,1)  (3,1,0,5)
fly063   aa_b_a_d_c_d_c_1111  (3,1,1,2)  (3,6,1,6)
fly165  c_bd_a_d_cc_b_a_1111  (1,2,3,2)  (6,4,5,1)
fly165  c_bd_a_d_cc_b_a_1111  (1,2,3,2)  (2,3,2,4)
fly057  c_bd_a_d_cc_b_c_1111  (1,2,3,2)  (9,1,6,4)
fly057  c_bd_a_d_cc_b_c_1111  (1,2,3,2)  (5,1,4,4)
fly165  c_bd_a_d_cc_b_a_1111  (1,2,3,2)  (4,1,4,3)
cat402    aa_a_d_c_b__b_1111  (3,1,1,1)  (3,5,2,1)
cat009    d_d_a_c_b_b_b_1111  (1,2,1,2)  (3,2,5,4)
cat280    b_a_a_b_b_b_d_1111  (2,4,0,0)  (16,4,9,17)
fly136  c_bba_a_d_cc_b_d_1111  (2,3,3,1)  (2,5,2,9)
fly081  c_bba_a_d_cc_b_c_1111  (2,3,3,1)  (4,4,2,4)
fly081  c_bba_a_d_cc_b_c_1111  (2,3,3,1)  (4,2,1,0)
fly081  c_bba_a_d_cc_b_c_1111  (2,3,3,1)  (6,3,2,1)
cat001    d_a_a_c_b_b_b_1111  (2,2,1,1)  (2,1,5,2)
cat239   dd_a_a_c_b_b_b_1111  (2,2,1,2)  (5,2,5,3)
fly133  c_bba_a_d_ccc_b_c_1111  (2,3,4,1)  (8,10,6,13)
cat305   ab_a_a_c_d_b_b_1111  (3,2,1,1)  (1,3,4,3)
cat305   ab_a_a_c_d_b_b_1111  (3,2,1,1)  (4,5,3,3)
cat520  d_b_cc_cd_bc_b_a_1111  (0,3,4,2)  (17,10,4,22)
cat471  abb_a_aa_c_b_b_b_1111  (4,4,1,0)  (6,11,12,12)
fly057  c_bd_a_d_cc_b_c_1111  (1,2,3,2)  (3,3,6,6)
cat417  abc_a_a_c_b_bc_c_1111  (3,3,3,0)  (3,9,5,5)
fly057  c_bd_a_d_cc_b_c_1111  (1,2,3,2)  (2,4,4,0)
fly057  c_bd_a_d_cc_b_c_1111  (1,2,3,2)  (2,2,4,2)
fly137  c_bba_a_d_cca_b_c_1111  (3,3,3,1)  (1,0,4,6)
fly057  c_bd_a_d_cc_b_c_1111  (1,2,3,2)  (6,7,2,6)
fly165  c_bd_a_d_cc_b_a_1111  (1,2,3,2)  (3,2,1,7)
fly133  c_bba_a_d_ccc_b_c_1111  (2,3,4,1)  (3,3,5,4)
fly057  c_bd_a_d_cc_b_c_1111  (1,2,3,2)  (5,2,2,3)
fly081  c_bba_a_d_cc_b_c_1111  (2,3,3,1)  (2,4,10,11)
fly165  c_bd_a_d_cc_b_a_1111  (1,2,3,2)  (2,2,1,1)
fly057  c_bd_a_d_cc_b_c_1111  (1,2,3,2)  (3,4,2,2)
fly057  c_bd_a_d_cc_b_c_1111  (1,2,3,2)  (2,2,0,1)
fly057  c_bd_a_d_cc_b_c_1111  (1,2,3,2)  (8,9,4,8)
fly181  c_bba_a_db_cc_b_c_1111  (2,4,3,1)  (10,5,2,14)
fly183   a_bb_a_b_c_b_b_1111  (2,4,1,0)  (2,6,8,9)
cat506  ab_b_ad_cb_b_b_b_1111  (2,5,1,1)  (23,8,11,10)
cat008    d_a_d_c_b_b_b_1111  (1,2,1,2)  (4,1,2,3)
cat008    d_a_d_c_b_b_b_1111  (1,2,1,2)  (2,3,0,0)
fly057  c_bd_a_d_cc_b_c_1111  (1,2,3,2)  (8,9,5,13)
fly112  c_bd_a_d_cc_ba_c_1111  (2,2,3,2)  (2,4,1,2)
fly081  c_bba_a_d_cc_b_c_1111  (2,3,3,1)  (7,9,5,10)
cat009    d_d_a_c_b_b_b_1111  (1,2,1,2)  (7,1,2,1)
cat009    d_d_a_c_b_b_b_1111  (1,2,1,2)  (2,4,2,1)
cat009    d_d_a_c_b_b_b_1111  (1,2,1,2)  (1,3,2,1)
cat009    d_d_a_c_b_b_b_1111  (1,2,1,2)  (1,2,2,1)
cat009    d_d_a_c_b_b_b_1111  (1,2,1,2)  (1,2,1,1)
fly182  c_bba_a_d_cc_c_c_1111  (2,2,4,1)  (3,5,3,7)
ant107   d_b_ac_a_d_b_d_1111  (2,2,1,2)  (2,2,4,7)
ant107   d_b_ac_a_d_b_d_1111  (2,2,1,2)  (5,3,0,4)
cat326    ab_a_a__b_b_b_1111  (3,3,0,0)  (5,2,6,5)
fly199  c_bba_a_d_cc_b_c_1101  (2,3,3,1)  (5,4,3,6)
fly081  c_bba_a_d_cc_b_c_1111  (2,3,3,1)  (0,6,8,7)
fly113  d_bd_a_d_cc_b_c_1111  (1,2,2,3)  (4,2,9,5)
fly081  c_bba_a_d_cc_b_c_1111  (2,3,3,1)  (3,4,1,9)
fly149  a_bd_ad_d_cc_c_c_1111  (2,1,3,3)  (4,10,5,2)
fly149  a_bd_ad_d_cc_c_c_1111  (2,1,3,3)  (4,7,2,2)
cat100   a_a_d_ca_b_b_b_1111  (3,2,1,1)  (2,2,5,9)
cat170   d_a_a_c_bb_b_b_1111  (2,3,1,1)  (4,2,5,2)
cat170   d_a_a_c_bb_b_b_1111  (2,3,1,1)  (3,1,5,1)
fly149  a_bd_ad_d_cc_c_c_1111  (2,1,3,3)  (4,4,4,2)
fly149  a_bd_ad_d_cc_c_c_1111  (2,1,3,3)  (3,4,3,2)
fly149  a_bd_ad_d_cc_c_c_1111  (2,1,3,3)  (5,7,4,2)
cat068    a_a_d_b_b_b_b_1111  (2,3,0,1)  (3,8,7,4)
cat293  ab_b_a_cb_b_b_b_1111  (2,5,1,0)  (18,6,11,17)
fly129  c_bba_a_dc_cc_b_c_1111  (2,3,4,1)  (8,3,4,8)
cat330  da_ad_aa_ca_b_bb_b_1111  (5,3,1,2)  (7,16,13,5)
cat537  aa_a_d_cd_bd_b_b_1111  (3,2,1,3)  (4,1,6,1)
ant107   d_b_ac_a_d_b_d_1111  (2,2,1,2)  (3,4,3,2)
ant175   d_b_ac_c_d_b_d_1111  (1,2,2,2)  (2,1,1,2)
ant175   d_b_ac_c_d_b_d_1111  (1,2,2,2)  (1,1,1,3)
ant175   d_b_ac_c_d_b_d_1111  (1,2,2,2)  (3,2,3,1)
cat547  abc_ab_a_a_d_b_c_1111  (4,3,1,1)  (2,3,2,4)
cat489   d_a_a_a_bb_b_b_1111  (3,3,0,1)  (7,4,13,9)
cat547  abc_ab_a_a_d_b_c_1111  (4,3,1,1)  (1,3,1,6)
fly057  c_bd_a_d_cc_b_c_1111  (1,2,3,2)  (5,8,6,3)
fly057  c_bd_a_d_cc_b_c_1111  (1,2,3,2)  (1,1,2,3)
fly057  c_bd_a_d_cc_b_c_1111  (1,2,3,2)  (1,1,1,3)
cat503    d_d_a_c_b_b_a_1111  (1,2,1,2)  (4,2,6,4)
cat503    d_d_a_c_b_b_a_1111  (1,2,1,2)  (5,2,5,6)
cat008    d_a_d_c_b_b_b_1111  (1,2,1,2)  (0,3,3,0)
cat008    d_a_d_c_b_b_b_1111  (1,2,1,2)  (3,1,4,7)
cat504     _a_a_b_b_b_d_1111  (2,3,0,0)  (16,3,10,6)
cat562  da_d_aa_ca_b_b_d_1111  (4,2,1,2)  (3,4,1,8)
cat402    aa_a_d_c_b__b_1111  (3,1,1,1)  (0,5,1,6)
fly081  c_bba_a_d_cc_b_c_1111  (2,3,3,1)  (4,2,1,8)
fly197  da_bd_a_d_cc_b_b_1111  (2,2,2,3)  (6,6,14,4)
fly197  da_bd_a_d_cc_b_b_1111  (2,2,2,3)  (7,1,14,4)
cat489   d_a_a_a_bb_b_b_1111  (3,3,0,1)  (10,5,11,8)
cat353  db_a_ab_c_b_b_b_1111  (2,4,1,1)  (12,5,14,12)
cat326    ab_a_a__b_b_b_1111  (3,3,0,0)  (5,10,9,7)
fly081  c_bba_a_d_cc_b_c_1111  (2,3,3,1)  (6,3,4,7)
fly081  c_bba_a_d_cc_b_c_1111  (2,3,3,1)  (5,1,3,4)
fly081  c_bba_a_d_cc_b_c_1111  (2,3,3,1)  (2,4,1,4)
cat326    ab_a_a__b_b_b_1111  (3,3,0,0)  (5,5,9,5)
fly057  c_bd_a_d_cc_b_c_1111  (1,2,3,2)  (5,5,4,6)
fly113  d_bd_a_d_cc_b_c_1111  (1,2,2,3)  (8,7,7,3)
cat353  db_a_ab_c_b_b_b_1111  (2,4,1,1)  (6,3,12,7)
fly155  d_bd_a_d_cc_b_b_1111  (1,2,2,3)  (12,1,8,7)
fly155  d_bd_a_d_cc_b_b_1111  (1,2,2,3)  (13,2,7,11)
cat514   ab_a_a_b_b_b_b_1111  (3,4,0,0)  (13,6,12,4)
fly081  c_bba_a_d_cc_b_c_1111  (2,3,3,1)  (4,4,0,3)
cat518    d_aa_a_c__b_b_1111  (3,1,1,1)  (4,11,6,5)
cat008    d_a_d_c_b_b_b_1111  (1,2,1,2)  (0,3,1,2)
cat554  ab_a_db_bb_b_b_a_1111  (2,6,0,1)  (7,8,3,6)
fly185  cd_bd_a_d_cc_b_c_1111  (1,2,3,3)  (7,6,3,6)
fly185  cd_bd_a_d_cc_b_c_1111  (1,2,3,3)  (5,4,5,6)
fly050  a_bd_a_d_cc_c_c_1111  (2,1,3,2)  (7,8,2,5)
fly081  c_bba_a_d_cc_b_c_1111  (2,3,3,1)  (0,4,1,2)
cat478  ab_a_aa_cc_b_b_b_1111  (4,3,2,0)  (3,2,5,7)
cat521     b_a_a_b_b__d_1111  (2,3,0,0)  (0,3,1,5)
cat521     b_a_a_b_b__d_1111  (2,3,0,0)  (4,3,0,4)
fly130  c_bba_a_d_cc__c_1111  (2,2,3,1)  (4,3,2,3)
cat404   a_bb_d_c_b_b_a_1111  (1,4,1,1)  (0,6,4,3)
cat419   d_ac_a_c_d_a_b_1111  (3,0,2,2)  (1,11,6,1)
ant174   b__a_aac_d_b_a_1111  (3,2,1,1)  (2,3,5,8)
ant174   b__a_aac_d_b_a_1111  (3,2,1,1)  (0,4,1,4)
fly113  d_bd_a_d_cc_b_c_1111  (1,2,2,3)  (9,2,4,3)
fly136  c_bba_a_d_cc_b_d_1111  (2,3,3,1)  (9,3,5,11)
cat001    d_a_a_c_b_b_b_1111  (2,2,1,1)  (3,7,4,8)
cat478  ab_a_aa_cc_b_b_b_1111  (4,3,2,0)  (9,2,4,9)
fly140  a_b_a_b_cd_bc_c_1111  (2,3,2,1)  (10,5,9,8)
fly145  c_bba_a_d_cc_bd_c_1111  (2,3,3,2)  (12,2,10,8)
fly170  c_bba_ad_d_cc_b_c_1111  (2,3,3,2)  (4,4,2,6)
fly170  c_bba_ad_d_cc_b_c_1111  (2,3,3,2)  (3,3,1,5)
fly170  c_bba_ad_d_cc_b_c_1111  (2,3,3,2)  (7,8,4,10)
fly138   aa_b_a_d_c_d_a_1111  (3,1,1,2)  (5,2,5,5)
fly146  ca_bba_a_d_cc_b_c_1111  (3,3,3,1)  (3,3,2,3)
fly146  ca_bba_a_d_cc_b_c_1111  (3,3,3,1)  (3,3,1,3)
fly138   aa_b_a_d_c_d_a_1111  (3,1,1,2)  (4,7,3,2)
fly138   aa_b_a_d_c_d_a_1111  (3,1,1,2)  (0,2,3,0)
ant158    b_b_a_b_a_b_a_1111  (2,4,0,0)  (6,4,4,16)
cat330  da_ad_aa_ca_b_bb_b_1111  (5,3,1,2)  (6,15,11,15)
fly081  c_bba_a_d_cc_b_c_1111  (2,3,3,1)  (4,1,8,5)
fly057  c_bd_a_d_cc_b_c_1111  (1,2,3,2)  (8,8,5,7)
fly081  c_bba_a_d_cc_b_c_1111  (2,3,3,1)  (5,1,3,4)
cat528   ad_a_d_c_b_b_d_1111  (2,2,1,2)  (5,3,7,1)
fly193  c_bba_a_d_cc_b_c_1011  (2,3,3,1)  (3,0,3,12)
ant168  bc_b_abd_ab_d_cb_a_1111  (2,5,2,2)  (2,1,4,2)
cat460   ab_a_d_b_b_b_a_1111  (2,4,0,1)  (3,5,6,1)
cat075    a_a_d_c_b_b_c_1111  (2,2,1,1)  (3,6,11,6)
fly150  aa_b_ab_d_c_b_b_1111  (3,3,1,1)  (3,2,2,3)
fly150  aa_b_ab_d_c_b_b_1111  (3,3,1,1)  (2,1,2,2)
fly203   aa_b_a_d_c_d_a_1101  (3,1,1,2)  (2,5,4,7)
fly150  aa_b_ab_d_c_b_b_1111  (3,3,1,1)  (6,4,6,8)
fly130  c_bba_a_d_cc__c_1111  (2,2,3,1)  (2,3,4,5)
fly130  c_bba_a_d_cc__c_1111  (2,2,3,1)  (1,1,1,4)
cat565  ad_aa_c_cbc_b_b_b_1111  (3,3,3,1)  (5,4,4,6)
fly081  c_bba_a_d_cc_b_c_1111  (2,3,3,1)  (3,3,10,8)
fly155  d_bd_a_d_cc_b_b_1111  (1,2,2,3)  (1,1,4,3)
fly081  c_bba_a_d_cc_b_c_1111  (2,3,3,1)  (2,8,2,4)
fly155  d_bd_a_d_cc_b_b_1111  (1,2,2,3)  (3,1,3,2)
fly184  c_bba_a_d_ca_b_c_1111  (3,3,2,1)  (1,4,7,5)
fly057  c_bd_a_d_cc_b_c_1111  (1,2,3,2)  (3,2,1,7)
fly057  c_bd_a_d_cc_b_c_1111  (1,2,3,2)  (7,4,3,5)
cat280    b_a_a_b_b_b_d_1111  (2,4,0,0)  (11,5,10,10)
fly057  c_bd_a_d_cc_b_c_1111  (1,2,3,2)  (10,9,4,5)
fly184  c_bba_a_d_ca_b_c_1111  (3,3,2,1)  (3,6,17,9)
fly081  c_bba_a_d_cc_b_c_1111  (2,3,3,1)  (3,3,0,1)
fly201  c_bd_a_a_cc_b_c_1111  (2,2,3,1)  (2,1,1,3)
fly201  c_bd_a_a_cc_b_c_1111  (2,2,3,1)  (2,1,3,3)
fly169  cb_bba_a_d_cc_b_c_1111  (2,4,3,1)  (4,5,3,2)
cat338  d_b_cc_c_bc_b_a_1111  (0,3,4,1)  (8,5,4,7)
cat280    b_a_a_b_b_b_d_1111  (2,4,0,0)  (5,7,4,7)
fly057  c_bd_a_d_cc_b_c_1111  (1,2,3,2)  (4,3,1,4)
cat009    d_d_a_c_b_b_b_1111  (1,2,1,2)  (4,5,5,3)
cat009    d_d_a_c_b_b_b_1111  (1,2,1,2)  (0,0,3,0)
cat009    d_d_a_c_b_b_b_1111  (1,2,1,2)  (7,3,7,3)
cat009    d_d_a_c_b_b_b_1111  (1,2,1,2)  (6,3,6,3)
cat564  d_db_c_d_bd_b_b_1111  (0,3,1,4)  (5,3,16,8)
cat526    d_aa__c_c_b_d_1111  (2,1,2,1)  (0,5,8,16)
fly050  a_bd_a_d_cc_c_c_1111  (2,1,3,2)  (2,2,2,3)
fly050  a_bd_a_d_cc_c_c_1111  (2,1,3,2)  (1,1,1,2)
cat233  ab_a_aa_c_b_b_b_1111  (4,3,1,0)  (16,5,5,12)
fly057  c_bd_a_d_cc_b_c_1111  (1,2,3,2)  (3,0,1,5)
cat496  d_db_a_d_bd_b_b_1111  (1,3,0,4)  (8,0,6,6)
cat496  d_db_a_d_bd_b_b_1111  (1,3,0,4)  (7,1,8,9)
cat338  d_b_cc_c_bc_b_a_1111  (0,3,4,1)  (11,6,3,10)
cat496  d_db_a_d_bd_b_b_1111  (1,3,0,4)  (12,5,9,2)
cat084   d_a_a_bc_b_b_b_1111  (2,3,1,1)  (4,4,6,7)
fly081  c_bba_a_d_cc_b_c_1111  (2,3,3,1)  (4,3,4,4)
cat503    d_d_a_c_b_b_a_1111  (1,2,1,2)  (6,3,3,9)
cat503    d_d_a_c_b_b_a_1111  (1,2,1,2)  (2,1,1,2)
cat002    d_a_a_b_b_b_b_1111  (2,3,0,1)  (1,0,8,2)
cat421   b_a_a_b_b_bc_b_1111  (2,4,1,0)  (5,3,5,4)
fly081  c_bba_a_d_cc_b_c_1111  (2,3,3,1)  (3,4,5,6)
fly072  c_bda_a_d_cc_b_c_1111  (2,2,3,2)  (4,10,5,15)
fly113  d_bd_a_d_cc_b_c_1111  (1,2,2,3)  (12,7,10,3)
ant176   _bd_ac_a_d_b_d_1111  (2,2,1,2)  (6,4,6,0)
cat513  ab_a_aa_c_b_b_a_1111  (4,3,1,0)  (4,3,8,4)
fly133  c_bba_a_d_ccc_b_c_1111  (2,3,4,1)  (6,9,2,13)
fly173  c_bd_aa_d_cc_b_c_1111  (2,2,3,2)  (9,8,5,14)
cat534  da_a_aa_ca_b_b_d_1111  (5,2,1,1)  (5,7,4,6)
cat189   aa_a_d_c_b_b_d_1111  (3,2,1,1)  (5,7,6,5)
fly081  c_bba_a_d_cc_b_c_1111  (2,3,3,1)  (4,6,1,5)
cat294  da_ad_aa_ca_b_b_b_1111  (5,2,1,2)  (6,11,9,9)
fly112  c_bd_a_d_cc_ba_c_1111  (2,2,3,2)  (6,4,2,6)
cat503    d_d_a_c_b_b_a_1111  (1,2,1,2)  (4,3,5,1)
fly133  c_bba_a_d_ccc_b_c_1111  (2,3,4,1)  (5,9,5,10)
fly081  c_bba_a_d_cc_b_c_1111  (2,3,3,1)  (4,3,5,7)
cat503    d_d_a_c_b_b_a_1111  (1,2,1,2)  (6,3,4,6)
fly206  c_bdd_b_dd_cc_b_c_1111  (0,3,3,4)  (6,4,2,1)
fly164  c_bdd_a_dd_cc_b_c_1111  (1,2,3,4)  (6,3,2,2)
cat561  ab_b_ad_cb_b_b_b_1110  (2,5,1,1)  (9,2,12,9)
fly178  a_bba_a_d_cc_b_c_0111  (3,3,2,1)  (0,3,10,9)
fly173  c_bd_aa_d_cc_b_c_1111  (2,2,3,2)  (5,4,2,8)
fly187   d_bd_d__cc_b_b_1111  (0,2,2,3)  (0,1,1,2)
cat538  ab_ab_aa_cc_b_b_b_1111  (4,4,2,0)  (4,11,29,18)
cat508  ab_a_a_aa_bb_b_b_1111  (5,4,0,0)  (3,9,7,3)
fly081  c_bba_a_d_cc_b_c_1111  (2,3,3,1)  (5,2,5,0)
fly169  cb_bba_a_d_cc_b_c_1111  (2,4,3,1)  (12,7,8,10)
cat503    d_d_a_c_b_b_a_1111  (1,2,1,2)  (6,13,10,2)
cat513  ab_a_aa_c_b_b_a_1111  (4,3,1,0)  (3,1,6,5)
fly057  c_bd_a_d_cc_b_c_1111  (1,2,3,2)  (5,2,4,2)
fly057  c_bd_a_d_cc_b_c_1111  (1,2,3,2)  (4,3,6,2)
fly057  c_bd_a_d_cc_b_c_1111  (1,2,3,2)  (3,3,3,4)
fly050  a_bd_a_d_cc_c_c_1111  (2,1,3,2)  (2,9,4,8)
ant163    d_b_ac__d_b_d_1111  (1,2,1,2)  (7,5,2,3)
cat503    d_d_a_c_b_b_a_1111  (1,2,1,2)  (7,2,7,7)
cat503    d_d_a_c_b_b_a_1111  (1,2,1,2)  (2,1,8,5)
cat417  abc_a_a_c_b_bc_c_1111  (3,3,3,0)  (2,2,8,6)
fly130  c_bba_a_d_cc__c_1111  (2,2,3,1)  (4,2,2,4)
fly130  c_bba_a_d_cc__c_1111  (2,2,3,1)  (3,3,3,3)
cat443  ab_a_a_a_bb_b_b_1111  (4,4,0,0)  (5,1,6,6)
fly112  c_bd_a_d_cc_ba_c_1111  (2,2,3,2)  (3,5,5,6)
fly130  c_bba_a_d_cc__c_1111  (2,2,3,1)  (1,8,3,1)
fly202  c_bba_a_d_cc_d_c_1111  (2,2,3,2)  (0,6,3,13)
fly130  c_bba_a_d_cc__c_1111  (2,2,3,1)  (0,7,3,6)
cat293  ab_b_a_cb_b_b_b_1111  (2,5,1,0)  (20,5,12,13)
cat326    ab_a_a__b_b_b_1111  (3,3,0,0)  (6,0,14,14)
fly169  cb_bba_a_d_cc_b_c_1111  (2,4,3,1)  (3,6,5,8)
fly169  cb_bba_a_d_cc_b_c_1111  (2,4,3,1)  (2,8,3,11)
fly169  cb_bba_a_d_cc_b_c_1111  (2,4,3,1)  (4,4,3,4)
fly172  d_bba_a_d_ccc_b_c_1111  (2,3,3,2)  (5,3,4,6)
fly172  d_bba_a_d_ccc_b_c_1111  (2,3,3,2)  (3,0,2,5)
fly172  d_bba_a_d_ccc_b_c_1111  (2,3,3,2)  (6,2,6,5)
cat076     a_a_d_c__b_b_1111  (2,1,1,1)  (1,5,2,0)
fly057  c_bd_a_d_cc_b_c_1111  (1,2,3,2)  (3,2,0,1)
cat068    a_a_d_b_b_b_b_1111  (2,3,0,1)  (5,4,8,7)
cat068    a_a_d_b_b_b_b_1111  (2,3,0,1)  (2,2,7,4)
fly081  c_bba_a_d_cc_b_c_1111  (2,3,3,1)  (2,3,5,5)
cat468  ab_aa_a_c_b_ba_c_1111  (5,3,1,0)  (9,6,11,13)
cat468  ab_aa_a_c_b_ba_c_1111  (5,3,1,0)  (6,5,10,13)
fly103  c_bba_a_da_cc_b_c_1111  (3,3,3,1)  (10,0,3,13)
fly136  c_bba_a_d_cc_b_d_1111  (2,3,3,1)  (0,6,6,7)
fly136  c_bba_a_d_cc_b_d_1111  (2,3,3,1)  (1,6,6,7)
cat478  ab_a_aa_cc_b_b_b_1111  (4,3,2,0)  (7,0,5,8)
cat353  db_a_ab_c_b_b_b_1111  (2,4,1,1)  (9,4,3,13)
cat443  ab_a_a_a_bb_b_b_1111  (4,4,0,0)  (4,15,13,7)
cat525  a_b_cc_c_bc_ba_a_1111  (2,3,4,0)  (8,9,7,1)
fly081  c_bba_a_d_cc_b_c_1111  (2,3,3,1)  (1,4,3,6)
cat417  abc_a_a_c_b_bc_c_1111  (3,3,3,0)  (5,4,8,8)
cat280    b_a_a_b_b_b_d_1111  (2,4,0,0)  (7,6,6,11)
fly050  a_bd_a_d_cc_c_c_1111  (2,1,3,2)  (6,8,5,6)
fly180  c_bba_dd_d_cc_b_c_1111  (1,3,3,3)  (10,3,2,8)
cat417  abc_a_a_c_b_bc_c_1111  (3,3,3,0)  (4,4,5,11)
cat326    ab_a_a__b_b_b_1111  (3,3,0,0)  (5,10,7,9)
cat326    ab_a_a__b_b_b_1111  (3,3,0,0)  (4,7,8,9)
cat543  b_aab_a_c_b_ba_b_1111  (4,4,1,0)  (3,10,12,15)
fly113  d_bd_a_d_cc_b_c_1111  (1,2,2,3)  (6,3,7,1)
fly136  c_bba_a_d_cc_b_d_1111  (2,3,3,1)  (10,4,4,4)
cat478  ab_a_aa_cc_b_b_b_1111  (4,3,2,0)  (0,3,2,5)
cat368   a_aa_d_c_b_b_c_1111  (3,2,1,1)  (2,1,6,8)
cat326    ab_a_a__b_b_b_1111  (3,3,0,0)  (3,7,5,3)
cat368   a_aa_d_c_b_b_c_1111  (3,2,1,1)  (5,3,3,3)
cat487   aba_a_a__b_b_b_1111  (4,3,0,0)  (12,4,6,3)
cat419   d_ac_a_c_d_a_b_1111  (3,0,2,2)  (1,3,6,5)
fly205  aa_bb_a_b_c_d_c_1111  (3,3,1,1)  (4,4,4,6)
cat556    cb_a_a__b_b_b_1111  (2,3,1,0)  (7,3,5,7)
cat075    a_a_d_c_b_b_c_1111  (2,2,1,1)  (1,4,4,4)
fly133  c_bba_a_d_ccc_b_c_1111  (2,3,4,1)  (1,0,6,4)
fly133  c_bba_a_d_ccc_b_c_1111  (2,3,4,1)  (7,0,4,6)
fly057  c_bd_a_d_cc_b_c_1111  (1,2,3,2)  (5,1,3,1)
fly057  c_bd_a_d_cc_b_c_1111  (1,2,3,2)  (3,0,2,0)
fly057  c_bd_a_d_cc_b_c_1111  (1,2,3,2)  (10,3,10,2)
ant107   d_b_ac_a_d_b_d_1111  (2,2,1,2)  (2,2,2,4)
cat355   d_a_a_bb_b_b_b_1111  (2,4,0,1)  (7,4,10,6)
cat353  db_a_ab_c_b_b_b_1111  (2,4,1,1)  (3,1,5,1)
cat294  da_ad_aa_ca_b_b_b_1111  (5,2,1,2)  (7,10,9,8)
fly081  c_bba_a_d_cc_b_c_1111  (2,3,3,1)  (5,6,4,3)
fly081  c_bba_a_d_cc_b_c_1111  (2,3,3,1)  (5,5,3,13)
fly081  c_bba_a_d_cc_b_c_1111  (2,3,3,1)  (8,4,3,13)
fly113  d_bd_a_d_cc_b_c_1111  (1,2,2,3)  (5,2,6,1)
fly164  c_bdd_a_dd_cc_b_c_1111  (1,2,3,4)  (6,2,3,1)
fly057  c_bd_a_d_cc_b_c_1111  (1,2,3,2)  (4,2,3,7)
cat540  ad_aa_c_cb_b_b_b_1111  (3,3,2,1)  (3,4,6,3)
fly057  c_bd_a_d_cc_b_c_1111  (1,2,3,2)  (2,0,1,6)
fly028   a_b_ad_d_c_b_c_1111  (2,2,1,2)  (1,1,8,4)
cat557   dd_a_ad__d_b_b_1111  (2,1,0,4)  (4,6,5,5)
cat377   da_a_d_c_b_b_b_1111  (2,2,1,2)  (1,3,4,2)
cat377   da_a_d_c_b_b_b_1111  (2,2,1,2)  (1,3,4,1)
fly081  c_bba_a_d_cc_b_c_1111  (2,3,3,1)  (2,5,6,6)
cat552  dd_a_add__b_b_b_1111  (2,2,0,4)  (0,3,6,4)
cat355   d_a_a_bb_b_b_b_1111  (2,4,0,1)  (4,2,8,2)
cat529    _c_d_d_b_bb_b_1111  (0,3,1,2)  (10,5,13,9)
cat529    _c_d_d_b_bb_b_1111  (0,3,1,2)  (12,5,12,10)
fly057  c_bd_a_d_cc_b_c_1111  (1,2,3,2)  (3,2,1,4)
cat001    d_a_a_c_b_b_b_1111  (2,2,1,1)  (2,0,3,1)
cat551  db_ac_c_c_b_b_b_1110  (1,3,3,1)  (11,9,4,4)
cat404   a_bb_d_c_b_b_a_1111  (1,4,1,1)  (4,7,12,5)
fly057  c_bd_a_d_cc_b_c_1111  (1,2,3,2)  (0,9,2,10)
fly189  c_bba_a_d_cc_bb_d_1111  (2,4,3,1)  (5,4,5,14)
fly200  a_bd_b_d_cc_c_c_1101  (1,2,3,2)  (7,7,3,11)
fly136  c_bba_a_d_cc_b_d_1111  (2,3,3,1)  (2,3,0,4)
fly126  a_bd_ac_d_cc_c_a_1111  (2,1,4,2)  (8,12,4,10)
fly081  c_bba_a_d_cc_b_c_1111  (2,3,3,1)  (8,3,2,3)
fly081  c_bba_a_d_cc_b_c_1111  (2,3,3,1)  (6,2,2,3)
cat559    ab_a_d__b_b_a_1111  (2,3,0,1)  (1,2,5,3)
fly165  c_bd_a_d_cc_b_a_1111  (1,2,3,2)  (10,11,5,8)
fly057  c_bd_a_d_cc_b_c_1111  (1,2,3,2)  (14,1,6,8)
fly081  c_bba_a_d_cc_b_c_1111  (2,3,3,1)  (7,11,3,5)
fly136  c_bba_a_d_cc_b_d_1111  (2,3,3,1)  (1,1,11,5)
cat541    d_d__d_cd_b_b_1111  (0,1,1,4)  (5,10,4,5)
fly196  c_ad_a_d_cc_b_c_1111  (2,1,3,2)  (3,7,3,7)
cat541    d_d__d_cd_b_b_1111  (0,1,1,4)  (7,12,8,2)
cat402    aa_a_d_c_b__b_1111  (3,1,1,1)  (2,3,1,3)
cat541    d_d__d_cd_b_b_1111  (0,1,1,4)  (7,15,11,6)
cat473    d_a_a_b_a_b_b_1111  (3,2,0,1)  (5,9,9,7)
cat456   a_a_d_cc_b_b_c_1111  (2,2,2,1)  (2,1,1,1)
cat456   a_a_d_cc_b_b_c_1111  (2,2,2,1)  (2,1,3,2)
fly057  c_bd_a_d_cc_b_c_1111  (1,2,3,2)  (4,1,2,1)
fly057  c_bd_a_d_cc_b_c_1111  (1,2,3,2)  (4,1,2,1)
cat474   d_d_a_d_cd_b_b_1111  (1,1,1,4)  (6,2,6,7)
ant172  bc_b_abd_ab_d_db_a_1111  (2,5,1,3)  (8,5,9,2)
fly057  c_bd_a_d_cc_b_c_1111  (1,2,3,2)  (5,1,8,8)
cat558  d_aaa_a_c_a_b_b_1111  (5,1,1,1)  (5,15,8,11)
cat558  d_aaa_a_c_a_b_b_1111  (5,1,1,1)  (5,15,11,13)
fly192  c_bda_d_d_cc_b_c_1111  (1,2,3,3)  (8,11,1,7)
fly057  c_bd_a_d_cc_b_c_1111  (1,2,3,2)  (8,2,10,6)
fly057  c_bd_a_d_cc_b_c_1111  (1,2,3,2)  (5,3,1,2)
cat485  ab_aa_c_cb_b_b_b_1111  (3,4,2,0)  (5,2,2,1)
cat485  ab_aa_c_cb_b_b_b_1111  (3,4,2,0)  (6,3,4,4)
cat009    d_d_a_c_b_b_b_1111  (1,2,1,2)  (2,0,1,3)
cat280    b_a_a_b_b_b_d_1111  (2,4,0,0)  (1,3,6,11)
cat009    d_d_a_c_b_b_b_1111  (1,2,1,2)  (8,1,5,2)
cat279   a_c_d_d_b_bb_b_1111  (1,3,1,2)  (8,2,6,6)
fly050  a_bd_a_d_cc_c_c_1111  (2,1,3,2)  (3,1,4,1)
cat279   a_c_d_d_b_bb_b_1111  (1,3,1,2)  (8,5,7,8)
cat279   a_c_d_d_b_bb_b_1111  (1,3,1,2)  (8,4,6,5)
fly081  c_bba_a_d_cc_b_c_1111  (2,3,3,1)  (1,5,0,4)
cat493  ab_aa_a_cb_b_bd_b_1111  (4,4,1,1)  (1,5,5,6)
fly113  d_bd_a_d_cc_b_c_1111  (1,2,2,3)  (8,7,7,3)
fly113  d_bd_a_d_cc_b_c_1111  (1,2,2,3)  (7,7,6,2)
fly146  ca_bba_a_d_cc_b_c_1111  (3,3,3,1)  (4,5,4,11)
fly146  ca_bba_a_d_cc_b_c_1111  (3,3,3,1)  (5,3,2,5)
fly146  ca_bba_a_d_cc_b_c_1111  (3,3,3,1)  (3,2,1,2)
cat336   d_aa_a_c_c_b_b_1111  (3,1,2,1)  (5,2,2,0)
fly180  c_bba_dd_d_cc_b_c_1111  (1,3,3,3)  (9,4,6,6)
cat329  ab_aa_a_cb_b_b_b_1111  (4,4,1,0)  (7,11,16,18)
cat329  ab_aa_a_cb_b_b_b_1111  (4,4,1,0)  (3,5,9,10)
cat365    d_a_c_d_b_b_b_1111  (1,2,1,2)  (10,0,4,4)
fly129  c_bba_a_dc_cc_b_c_1111  (2,3,4,1)  (6,4,3,5)
fly129  c_bba_a_dc_cc_b_c_1111  (2,3,4,1)  (6,4,2,3)
fly136  c_bba_a_d_cc_b_d_1111  (2,3,3,1)  (6,1,3,7)
cat001    d_a_a_c_b_b_b_1111  (2,2,1,1)  (2,5,7,5)
cat293  ab_b_a_cb_b_b_b_1111  (2,5,1,0)  (3,1,7,6)
cat503    d_d_a_c_b_b_a_1111  (1,2,1,2)  (2,1,2,2)
fly081  c_bba_a_d_cc_b_c_1111  (2,3,3,1)  (5,0,4,6)
fly081  c_bba_a_d_cc_b_c_1111  (2,3,3,1)  (7,2,8,8)
fly159  d_b_a_db_cc_bc_a_1111  (1,3,3,2)  (4,2,5,3)
fly165  c_bd_a_d_cc_b_a_1111  (1,2,3,2)  (1,2,2,3)
fly159  d_b_a_db_cc_bc_a_1111  (1,3,3,2)  (1,0,1,2)
fly159  d_b_a_db_cc_bc_a_1111  (1,3,3,2)  (3,2,2,3)
cat293  ab_b_a_cb_b_b_b_1111  (2,5,1,0)  (4,8,9,7)
fly164  c_bdd_a_dd_cc_b_c_1111  (1,2,3,4)  (6,5,8,2)
fly164  c_bdd_a_dd_cc_b_c_1111  (1,2,3,4)  (5,4,6,2)
fly057  c_bd_a_d_cc_b_c_1111  (1,2,3,2)  (11,4,4,0)
cat336   d_aa_a_c_c_b_b_1111  (3,1,2,1)  (0,0,0,2)
fly164  c_bdd_a_dd_cc_b_c_1111  (1,2,3,4)  (9,8,8,5)
cat535    b_a_a_b_b_a_b_1111  (3,3,0,0)  (4,1,4,4)
cat535    b_a_a_b_b_a_b_1111  (3,3,0,0)  (4,2,5,3)
cat395  da_a_aa_c_b_b_d_1111  (4,2,1,1)  (10,2,12,9)
fly081  c_bba_a_d_cc_b_c_1111  (2,3,3,1)  (11,2,8,7)
fly106   a_bb_a_d_c_b_b_1111  (2,3,1,1)  (3,5,2,3)
cat266  aa_a_b_c_ba_bb_b_1111  (4,4,1,0)  (2,7,6,8)
fly155  d_bd_a_d_cc_b_b_1111  (1,2,2,3)  (5,6,6,0)
fly050  a_bd_a_d_cc_c_c_1111  (2,1,3,2)  (6,5,3,6)
cat309    a_a_d__bc_b_b_1111  (2,2,1,1)  (2,1,2,3)
cat309    a_a_d__bc_b_b_1111  (2,2,1,1)  (2,1,2,3)
cat309    a_a_d__bc_b_b_1111  (2,2,1,1)  (6,3,5,8)
ant137     b_b_a_b__b_a_1111  (1,4,0,0)  (0,0,4,9)
cat001    d_a_a_c_b_b_b_1111  (2,2,1,1)  (5,4,1,7)
fly081  c_bba_a_d_cc_b_c_1111  (2,3,3,1)  (8,3,3,1)
fly136  c_bba_a_d_cc_b_d_1111  (2,3,3,1)  (3,6,10,20)
fly133  c_bba_a_d_ccc_b_c_1111  (2,3,4,1)  (7,3,3,9)
cat353  db_a_ab_c_b_b_b_1111  (2,4,1,1)  (12,4,11,15)
fly159  d_b_a_db_cc_bc_a_1111  (1,3,3,2)  (3,2,3,2)
cat560   d_aa_a_c_c_b_b_1101  (3,1,2,1)  (4,4,4,3)
fly133  c_bba_a_d_ccc_b_c_1111  (2,3,4,1)  (3,2,4,6)
fly081  c_bba_a_d_cc_b_c_1111  (2,3,3,1)  (4,4,4,3)
fly081  c_bba_a_d_cc_b_c_1111  (2,3,3,1)  (8,2,1,3)
fly081  c_bba_a_d_cc_b_c_1111  (2,3,3,1)  (6,3,1,3)
fly081  c_bba_a_d_cc_b_c_1111  (2,3,3,1)  (1,1,3,0)
fly057  c_bd_a_d_cc_b_c_1111  (1,2,3,2)  (2,3,0,3)
ant173      b_b_a___b_a_1111  (1,3,0,0)  (1,3,5,2)
ant173      b_b_a___b_a_1111  (1,3,0,0)  (8,4,5,11)
cat563  ab_a_aa_c_c_b_b_1111  (4,2,2,0)  (5,1,6,7)
cat421   b_a_a_b_b_bc_b_1111  (2,4,1,0)  (5,1,3,11)
cat189   aa_a_d_c_b_b_d_1111  (3,2,1,1)  (2,5,1,11)
cat075    a_a_d_c_b_b_c_1111  (2,2,1,1)  (2,6,4,5)
fly081  c_bba_a_d_cc_b_c_1111  (2,3,3,1)  (9,8,3,7)
fly188  a_bba_a_d_cc_b_c_1111  (3,3,2,1)  (5,0,0,1)
fly188  a_bba_a_d_cc_b_c_1111  (3,3,2,1)  (3,0,5,6)
fly081  c_bba_a_d_cc_b_c_1111  (2,3,3,1)  (6,3,7,5)
cat279   a_c_d_d_b_bb_b_1111  (1,3,1,2)  (2,0,3,7)
cat279   a_c_d_d_b_bb_b_1111  (1,3,1,2)  (2,4,7,6)
cat336   d_aa_a_c_c_b_b_1111  (3,1,2,1)  (2,2,4,4)
cat544  aba_a_a_c_b_b_b_1111  (4,3,1,0)  (1,3,7,4)
cat544  aba_a_a_c_b_b_b_1111  (4,3,1,0)  (2,3,6,7)
fly130  c_bba_a_d_cc__c_1111  (2,2,3,1)  (17,10,2,14)
cat287   d_aa_a_c_a_b_b_1111  (4,1,1,1)  (6,17,10,5)
fly081  c_bba_a_d_cc_b_c_1111  (2,3,3,1)  (9,5,16,16)
fly057  c_bd_a_d_cc_b_c_1111  (1,2,3,2)  (3,2,4,5)
cat470  aa_ad_b_c_ba_ab_c_1111  (5,3,1,1)  (6,8,9,10)
fly175  c_bd_a_d_ccbc_b_c_1111  (1,3,4,2)  (2,6,6,2)
fly126  a_bd_ac_d_cc_c_a_1111  (2,1,4,2)  (7,7,3,6)
fly113  d_bd_a_d_cc_b_c_1111  (1,2,2,3)  (5,5,1,3)
fly127   aa_b_a_b_c_d_c_1111  (3,2,1,1)  (0,3,8,7)
fly204  c_bba_a__cc_b_c_1111  (2,3,3,0)  (2,2,2,4)
fly204  c_bba_a__cc_b_c_1111  (2,3,3,0)  (2,1,1,3)
fly081  c_bba_a_d_cc_b_c_1111  (2,3,3,1)  (2,5,3,5)
fly155  d_bd_a_d_cc_b_b_1111  (1,2,2,3)  (3,2,1,2)
cat256  da_a_ad_c_b_bc_b_1111  (3,2,2,2)  (3,7,6,8)
