cat042    a_b_a_c_b_a_b_1111  (3,2,1,0)  (3,6,9,5)
cat039    d_b_a_c_b_b_a_1111  (1,3,1,1)  (3,3,3,3)
cat042    a_b_a_c_b_a_b_1111  (3,2,1,0)  (9,2,4,6)
cat039    d_b_a_c_b_b_a_1111  (1,3,1,1)  (1,3,5,6)
cat114    d_b_bc_b_b__b_1111  (0,4,1,1)  (6,5,6,4)
ant078   a_b_a_a_dc_b_c_1111  (3,2,1,1)  (2,7,10,8)
fly089   a_aa_a_d_c_c_c_1111  (4,0,2,1)  (2,4,2,5)
fly089   a_aa_a_d_c_c_c_1111  (4,0,2,1)  (2,3,1,4)
fly089   a_aa_a_d_c_c_c_1111  (4,0,2,1)  (2,7,3,12)
cat103   d_b_b_c_bc_b_d_1111  (0,4,2,1)  (6,2,2,5)
ant084    _b_a_a_d_ba_d_1111  (3,2,0,1)  (2,1,3,8)
fly016   a_aa_a_d_c_b_c_1111  (4,1,1,1)  (5,6,15,7)
cat042    a_b_a_c_b_a_b_1111  (3,2,1,0)  (1,5,5,13)
cat039    d_b_a_c_b_b_a_1111  (1,3,1,1)  (7,1,3,7)
cat025    d_b_b_c_b_b_b_1111  (0,4,1,1)  (6,4,10,6)
fly086   b_aa_a_d_c_b_c_1111  (3,2,1,1)  (0,2,1,4)
cat086  dc_ab_a_c_bd_b_b_1111  (2,3,2,2)  (5,2,3,5)
cat086  dc_ab_a_c_bd_b_b_1111  (2,3,2,2)  (4,1,2,5)
fly086   b_aa_a_d_c_b_c_1111  (3,2,1,1)  (4,1,2,6)
cat086  dc_ab_a_c_bd_b_b_1111  (2,3,2,2)  (10,6,3,11)
fly086   b_aa_a_d_c_b_c_1111  (3,2,1,1)  (1,3,2,5)
cat025    d_b_b_c_b_b_b_1111  (0,4,1,1)  (13,6,12,4)
fly038    a_a_a_b_c_b_c_1111  (3,2,1,0)  (4,10,9,12)
cat006    d_b_a_c_b_b_b_1111  (1,3,1,1)  (5,1,3,4)
cat006    d_b_a_c_b_b_b_1111  (1,3,1,1)  (4,1,3,3)
cat042    a_b_a_c_b_a_b_1111  (3,2,1,0)  (1,3,4,5)
cat025    d_b_b_c_b_b_b_1111  (0,4,1,1)  (11,5,1,5)
cat042    a_b_a_c_b_a_b_1111  (3,2,1,0)  (5,5,10,7)
fly089   a_aa_a_d_c_c_c_1111  (4,0,2,1)  (7,13,1,4)
fly041  a_b_a_dad_b_b_c_1111  (3,3,0,2)  (5,10,11,8)
cat109  dc_a_a_a_b_bb_b_1111  (3,3,1,1)  (8,2,15,17)
cat064   d_b_a_cb_b_b_b_1111  (1,4,1,1)  (9,2,7,19)
ant079  b_b_a_cb_a_bcc_a_1111  (2,4,3,0)  (4,2,2,6)
fly099  a_aa_a_cd_c_b_c_1111  (4,1,2,1)  (3,4,8,1)
fly099  a_aa_a_cd_c_b_c_1111  (4,1,2,1)  (5,3,8,2)
cat080   d_b_b_c_b_bb_b_1111  (0,5,1,1)  (11,6,7,7)
ant077  bc_b_a_cb_a_bc_a_1111  (2,4,3,0)  (5,4,7,8)
cat081    d_b_bc_c_b__b_1111  (0,3,2,1)  (9,2,2,5)
cat081    d_b_bc_c_b__b_1111  (0,3,2,1)  (7,1,3,5)
cat006    d_b_a_c_b_b_b_1111  (1,3,1,1)  (2,1,2,2)
cat089     d_b__c_b_b_b_1111  (0,3,1,1)  (9,2,7,1)
cat112      d_b___b_b_b_1111  (0,3,0,1)  (3,3,0,4)
ant044    a_b_a_a_d_b_c_1111  (3,2,0,1)  (1,3,3,2)
cat090    d_b_b_c_b_b_d_1111  (0,4,1,1)  (10,4,11,12)
cat006    d_b_a_c_b_b_b_1111  (1,3,1,1)  (4,2,7,5)
ant085  bb_b_a_cb_a_bcc_a_1111  (2,5,3,0)  (5,3,3,4)
ant085  bb_b_a_cb_a_bcc_a_1111  (2,5,3,0)  (4,2,3,4)
cat071   d_b_a_c_b_bb_b_1111  (1,4,1,1)  (7,1,9,2)
cat066   db_b_b_c_b_b_b_1111  (0,5,1,1)  (15,7,17,7)
cat039    d_b_a_c_b_b_a_1111  (1,3,1,1)  (7,3,4,6)
cat039    d_b_a_c_b_b_a_1111  (1,3,1,1)  (6,1,4,4)
ant080  a_b_a_ac_d_ba_c_1111  (4,2,1,1)  (6,10,11,2)
cat042    a_b_a_c_b_a_b_1111  (3,2,1,0)  (3,5,8,12)
fly086   b_aa_a_d_c_b_c_1111  (3,2,1,1)  (2,1,1,2)
cat101   d_b_b_c_bd_b_d_1111  (0,4,1,2)  (10,6,7,11)
cat042    a_b_a_c_b_a_b_1111  (3,2,1,0)  (2,2,2,2)
cat042    a_b_a_c_b_a_b_1111  (3,2,1,0)  (1,0,0,1)
cat107  d_b_b_c_bdc_b_d_1111  (0,4,2,2)  (10,7,9,12)
fly093  ab_aa_b_d_c_b_c_1111  (3,3,1,1)  (4,3,2,5)
cat116     d__b_c_b_d_b_1111  (0,2,1,2)  (5,3,2,4)
cat116     d__b_c_b_d_b_1111  (0,2,1,2)  (1,0,0,4)
cat117    a_b_a_a_b_a_b_1111  (4,2,0,0)  (3,2,4,5)
cat106    d_b_b_c_b_d_b_1111  (0,3,1,2)  (6,1,3,6)
cat025    d_b_b_c_b_b_b_1111  (0,4,1,1)  (14,6,23,16)
cat113   a_b_a_cc_b_a_b_1111  (3,2,2,0)  (2,4,3,5)
cat113   a_b_a_cc_b_a_b_1111  (3,2,2,0)  (1,2,5,3)
ant065    _bc_a_a_d_b_a_1111  (2,2,1,1)  (1,0,5,1)
cat039    d_b_a_c_b_b_a_1111  (1,3,1,1)  (1,2,4,1)
fly086   b_aa_a_d_c_b_c_1111  (3,2,1,1)  (16,3,8,7)
cat039    d_b_a_c_b_b_a_1111  (1,3,1,1)  (2,1,0,2)
cat042    a_b_a_c_b_a_b_1111  (3,2,1,0)  (3,7,6,6)
cat110    d_b_d_c_b_b_b_1111  (0,3,1,2)  (4,8,6,3)
fly095  ab_ad_b_d_c_b_c_1111  (2,3,1,2)  (4,2,4,5)
ant079  b_b_a_cb_a_bcc_a_1111  (2,4,3,0)  (1,1,3,3)
fly097   ab_a_b_d_c_b_c_1111  (2,3,1,1)  (1,4,10,6)
cat081    d_b_bc_c_b__b_1111  (0,3,2,1)  (9,5,4,6)
cat025    d_b_b_c_b_b_b_1111  (0,4,1,1)  (3,3,6,11)
ant044    a_b_a_a_d_b_c_1111  (3,2,0,1)  (3,5,7,3)
cat118    a_b_b_c_b_b_b_1111  (1,4,1,0)  (9,7,9,10)
cat042    a_b_a_c_b_a_b_1111  (3,2,1,0)  (2,6,4,5)
cat006    d_b_a_c_b_b_b_1111  (1,3,1,1)  (6,1,2,5)
cat006    d_b_a_c_b_b_b_1111  (1,3,1,1)  (5,1,2,6)
fly077  a_d_a_dad_b_b_c_1111  (3,2,0,3)  (4,13,8,7)
cat059    a_b_a_c_b_b_d_1111  (2,3,1,0)  (1,2,3,0)
fly098  ab_aaa_b_d_c_b_c_1111  (4,3,1,1)  (4,4,8,5)
cat048   da_b_a_c_b_b_b_1111  (2,3,1,1)  (3,3,2,4)
cat048   da_b_a_c_b_b_b_1111  (2,3,1,1)  (2,1,1,0)
cat104     d_b_b__b_b_d_1111  (0,4,0,1)  (3,1,1,6)
cat006    d_b_a_c_b_b_b_1111  (1,3,1,1)  (4,4,5,3)
cat048   da_b_a_c_b_b_b_1111  (2,3,1,1)  (2,4,4,7)
cat048   da_b_a_c_b_b_b_1111  (2,3,1,1)  (2,2,5,5)
fly040   a_aa_a_d_c_b_d_1111  (4,1,1,1)  (1,9,9,7)
cat064   d_b_a_cb_b_b_b_1111  (1,4,1,1)  (10,6,7,6)
ant044    a_b_a_a_d_b_c_1111  (3,2,0,1)  (4,7,13,9)
cat042    a_b_a_c_b_a_b_1111  (3,2,1,0)  (5,4,9,3)
cat006    d_b_a_c_b_b_b_1111  (1,3,1,1)  (2,1,0,0)
cat081    d_b_bc_c_b__b_1111  (0,3,2,1)  (2,1,1,5)
cat081    d_b_bc_c_b__b_1111  (0,3,2,1)  (4,1,1,4)
cat006    d_b_a_c_b_b_b_1111  (1,3,1,1)  (4,3,2,1)
cat006    d_b_a_c_b_b_b_1111  (1,3,1,1)  (3,0,2,1)
fly071  a_aa_a_dd_cb_b_c_1111  (4,2,1,2)  (1,6,9,8)
cat006    d_b_a_c_b_b_b_1111  (1,3,1,1)  (3,2,6,4)
cat037    a_b_a_c_b_b_b_1111  (2,3,1,0)  (1,2,2,2)
cat037    a_b_a_c_b_b_b_1111  (2,3,1,0)  (1,1,1,3)
cat086  dc_ab_a_c_bd_b_b_1111  (2,3,2,2)  (8,5,6,7)
cat115    d_b__cc_b_b_b_1111  (0,3,2,1)  (5,3,6,5)
cat064   d_b_a_cb_b_b_b_1111  (1,4,1,1)  (4,3,5,2)
cat064   d_b_a_cb_b_b_b_1111  (1,4,1,1)  (8,2,6,5)
ant053    _b_a_a_d_ba_a_1111  (3,2,0,1)  (2,4,7,6)
cat088   d_bd_b_c_b_b_c_1111  (0,4,1,2)  (9,3,5,8)
cat088   d_bd_b_c_b_b_c_1111  (0,4,1,2)  (7,2,5,8)
cat111   d_b_bc_cc_b__b_1111  (0,3,3,1)  (4,4,0,0)
cat025    d_b_b_c_b_b_b_1111  (0,4,1,1)  (5,1,3,5)
cat025    d_b_b_c_b_b_b_1111  (0,4,1,1)  (6,3,5,8)
cat026  dc_a_a_c_b_bb_b_1111  (2,3,2,1)  (7,1,8,7)
cat026  dc_a_a_c_b_bb_b_1111  (2,3,2,1)  (0,3,4,5)
cat048   da_b_a_c_b_b_b_1111  (2,3,1,1)  (3,4,13,15)
