ant001    b_b_a_a_d_b_a_1111  (2,3,0,1)  (5,3,4,7)
ant001    b_b_a_a_d_b_a_1111  (2,3,0,1)  (2,2,1,3)
ant001    b_b_a_a_d_b_a_1111  (2,3,0,1)  (0,0,0,1)
ant002     b_b_a__d_b_a_1111  (1,3,0,1)  (1,2,4,1)
ant002     b_b_a__d_b_a_1111  (1,3,0,1)  (2,1,3,1)
cat001    d_a_a_c_b_b_b_1111  (2,2,1,1)  (2,2,0,1)
cat006    d_b_a_c_b_b_b_1111  (1,3,1,1)  (7,4,11,5)
cat008    d_a_a_c_b_b_d_1111  (2,2,1,1)  (2,2,3,2)
cat001    d_a_a_c_b_b_b_1111  (2,2,1,1)  (2,9,8,5)
fly012  a_b_a_dad_c_b_c_1111  (3,2,1,2)  (8,4,11,3)
fly001    a_b_a_d_c_b_c_1111  (2,2,1,1)  (2,1,4,2)
ant001    b_b_a_a_d_b_a_1111  (2,3,0,1)  (2,4,2,2)
ant005   b_b_a_a_dc_b_a_1111  (2,3,1,1)  (3,4,5,5)
cat001    d_a_a_c_b_b_b_1111  (2,2,1,1)  (4,0,6,5)
cat001    d_a_a_c_b_b_b_1111  (2,2,1,1)  (4,2,7,3)
ant001    b_b_a_a_d_b_a_1111  (2,3,0,1)  (5,5,6,2)
fly001    a_b_a_d_c_b_c_1111  (2,2,1,1)  (0,1,0,1)
ant001    b_b_a_a_d_b_a_1111  (2,3,0,1)  (7,5,10,9)
ant001    b_b_a_a_d_b_a_1111  (2,3,0,1)  (8,1,8,8)
fly001    a_b_a_d_c_b_c_1111  (2,2,1,1)  (6,2,12,5)
ant013   b_b_a_a_da_b_a_1111  (3,3,0,1)  (3,1,7,0)
ant012   b_bc_a_a_d_b_a_1111  (2,3,1,1)  (2,2,2,3)
ant002     b_b_a__d_b_a_1111  (1,3,0,1)  (4,1,0,0)
fly008   a_b_a_dd_c_b_c_1111  (2,2,1,2)  (4,2,7,4)
ant001    b_b_a_a_d_b_a_1111  (2,3,0,1)  (2,6,3,8)
ant001    b_b_a_a_d_b_a_1111  (2,3,0,1)  (2,5,2,7)
ant002     b_b_a__d_b_a_1111  (1,3,0,1)  (3,5,2,6)
cat001    d_a_a_c_b_b_b_1111  (2,2,1,1)  (17,2,18,10)
ant011   b_b_a_a_dd_b_a_1111  (2,3,0,2)  (6,3,5,3)
ant011   b_b_a_a_dd_b_a_1111  (2,3,0,2)  (3,3,7,4)
fly001    a_b_a_d_c_b_c_1111  (2,2,1,1)  (1,0,2,0)
ant001    b_b_a_a_d_b_a_1111  (2,3,0,1)  (0,5,3,3)
ant001    b_b_a_a_d_b_a_1111  (2,3,0,1)  (4,3,4,5)
ant001    b_b_a_a_d_b_a_1111  (2,3,0,1)  (4,5,7,5)
ant001    b_b_a_a_d_b_a_1111  (2,3,0,1)  (2,3,3,4)
fly001    a_b_a_d_c_b_c_1111  (2,2,1,1)  (1,4,6,2)
ant001    b_b_a_a_d_b_a_1111  (2,3,0,1)  (5,2,9,0)
ant001    b_b_a_a_d_b_a_1111  (2,3,0,1)  (6,2,6,1)
ant002     b_b_a__d_b_a_1111  (1,3,0,1)  (10,5,5,8)
ant001    b_b_a_a_d_b_a_1111  (2,3,0,1)  (2,2,6,6)
ant002     b_b_a__d_b_a_1111  (1,3,0,1)  (6,0,2,6)
ant010    b_a_a_a_d_b_a_1111  (3,2,0,1)  (2,0,4,3)
ant010    b_a_a_a_d_b_a_1111  (3,2,0,1)  (1,0,4,9)
ant009   b_b_ad_a_d_b_a_1111  (2,3,0,2)  (1,3,5,2)
ant010    b_a_a_a_d_b_a_1111  (3,2,0,1)  (1,1,2,3)
fly001    a_b_a_d_c_b_c_1111  (2,2,1,1)  (3,1,3,2)
ant001    b_b_a_a_d_b_a_1111  (2,3,0,1)  (1,5,6,4)
ant001    b_b_a_a_d_b_a_1111  (2,3,0,1)  (0,1,3,6)
ant009   b_b_ad_a_d_b_a_1111  (2,3,0,2)  (3,4,11,3)
ant007    b_b_a_a_c_b_a_1111  (2,3,1,0)  (8,2,8,4)
fly001    a_b_a_d_c_b_c_1111  (2,2,1,1)  (2,2,4,8)
fly001    a_b_a_d_c_b_c_1111  (2,2,1,1)  (3,3,5,6)
ant005   b_b_a_a_dc_b_a_1111  (2,3,1,1)  (4,2,4,10)
ant006     _b_a_a_d_b_a_1111  (2,2,0,1)  (1,1,3,1)
ant006     _b_a_a_d_b_a_1111  (2,2,0,1)  (1,2,4,0)
ant001    b_b_a_a_d_b_a_1111  (2,3,0,1)  (8,2,19,7)
fly002   a_b_a_d_c_ba_c_1111  (3,2,1,1)  (2,8,8,3)
ant001    b_b_a_a_d_b_a_1111  (2,3,0,1)  (3,3,8,8)
ant009   b_b_ad_a_d_b_a_1111  (2,3,0,2)  (5,2,6,1)
ant001    b_b_a_a_d_b_a_1111  (2,3,0,1)  (5,4,6,6)
ant003   b_b_a_a_db_b_a_1111  (2,4,0,1)  (4,4,11,11)
ant001    b_b_a_a_d_b_a_1111  (2,3,0,1)  (12,3,11,10)
ant001    b_b_a_a_d_b_a_1111  (2,3,0,1)  (7,6,7,1)
fly006    a_a_a_d_c_b_c_1111  (3,1,1,1)  (1,5,5,6)
fly001    a_b_a_d_c_b_c_1111  (2,2,1,1)  (1,5,2,2)
ant001    b_b_a_a_d_b_a_1111  (2,3,0,1)  (1,3,3,5)
ant001    b_b_a_a_d_b_a_1111  (2,3,0,1)  (3,4,0,4)
ant002     b_b_a__d_b_a_1111  (1,3,0,1)  (7,0,3,8)
ant011   b_b_a_a_dd_b_a_1111  (2,3,0,2)  (1,4,3,8)
ant001    b_b_a_a_d_b_a_1111  (2,3,0,1)  (0,1,4,4)
fly001    a_b_a_d_c_b_c_1111  (2,2,1,1)  (1,2,2,2)
fly001    a_b_a_d_c_b_c_1111  (2,2,1,1)  (3,4,1,2)
ant001    b_b_a_a_d_b_a_1111  (2,3,0,1)  (5,5,5,5)
ant010    b_a_a_a_d_b_a_1111  (3,2,0,1)  (2,0,2,3)
ant001    b_b_a_a_d_b_a_1111  (2,3,0,1)  (3,2,5,5)
fly013    a_c_a_d_c_b_c_1111  (2,1,2,1)  (3,3,4,4)
fly001    a_b_a_d_c_b_c_1111  (2,2,1,1)  (1,5,9,7)
fly001    a_b_a_d_c_b_c_1111  (2,2,1,1)  (1,3,7,5)
ant002     b_b_a__d_b_a_1111  (1,3,0,1)  (3,1,4,4)
fly006    a_a_a_d_c_b_c_1111  (3,1,1,1)  (4,4,2,6)
fly006    a_a_a_d_c_b_c_1111  (3,1,1,1)  (4,3,2,5)
fly006    a_a_a_d_c_b_c_1111  (3,1,1,1)  (3,4,4,4)
fly006    a_a_a_d_c_b_c_1111  (3,1,1,1)  (2,1,3,2)
fly001    a_b_a_d_c_b_c_1111  (2,2,1,1)  (2,9,4,10)
fly007  a_bc_a_da_c_b_c_1111  (3,2,2,1)  (3,2,3,2)
ant001    b_b_a_a_d_b_a_1111  (2,3,0,1)  (1,2,3,3)
ant001    b_b_a_a_d_b_a_1111  (2,3,0,1)  (2,2,4,3)
fly001    a_b_a_d_c_b_c_1111  (2,2,1,1)  (2,1,8,9)
ant001    b_b_a_a_d_b_a_1111  (2,3,0,1)  (2,3,2,3)
ant001    b_b_a_a_d_b_a_1111  (2,3,0,1)  (4,3,2,4)
fly011    a_b_b_d_c_b_c_1111  (1,3,1,1)  (0,2,1,3)
fly011    a_b_b_d_c_b_c_1111  (1,3,1,1)  (1,2,2,3)
ant010    b_a_a_a_d_b_a_1111  (3,2,0,1)  (5,3,6,5)
ant010    b_a_a_a_d_b_a_1111  (3,2,0,1)  (2,3,4,5)
cat004   dd_a_d_c_b_b_b_1111  (1,2,1,3)  (8,2,5,7)
fly010   a_b_ad_d_c_b_c_1111  (2,2,1,2)  (1,1,3,2)
fly010   a_b_ad_d_c_b_c_1111  (2,2,1,2)  (1,2,2,2)
ant002     b_b_a__d_b_a_1111  (1,3,0,1)  (3,2,1,3)
fly001    a_b_a_d_c_b_c_1111  (2,2,1,1)  (4,2,5,5)
ant006     _b_a_a_d_b_a_1111  (2,2,0,1)  (4,2,9,3)
ant001    b_b_a_a_d_b_a_1111  (2,3,0,1)  (2,1,7,5)
ant002     b_b_a__d_b_a_1111  (1,3,0,1)  (1,2,3,2)
