60
102
103
103
104
101
104
106
107
109
109
109
115
116
120
119
119
120
119
120
124
126
124
124
124
133
135
137
133
133
133
133
136
136
137
144
145
145
148
151
151
151
151
151
153
153
159
153
154
154
156
156
154
154
154
153
150
153
159
164
162
168
170
169
168
166
168
168
178
177
180
179
179
180
176
177
177
176
179
180
181
181
181
182
183
184
187
188
192
193
192
190
192
192
191
195
195
193
190
195
195
198
198
199
198
200
198
200
201
204
202
201
202
205
205
207
206
212
211
211
211
212
212
216
220
219
216
217
218
221
216
214
212
209
209
212
215
216
216
216
216
213
216
219
221
222
223
221
217
220
222
223
222
217
216
219
220
214
217
219
219
221
219
218
217
217
218
221
220
221
222
222
221
224
224
224
227
226
225
221
220
219
215
213
214
212
210
216
216
218
217
221
223
228
225
228
232
228
227
226
228
228
227
226
222
221
221
226
226
224
230
233
230
231
233
232
230
230
229
232
234
229
228
230
227
225
228
230
230
230
231
233
235
235
237
234
235
231
229
232
231
230
227
227
230
228
228
227
225
226
225
224
228
231
229
232
230
229
230
234
236
234
235
235
240
237
235
231
230
224
228
230
229
229
232
237
237
237
234
232
229
227
226
227
228
226
222
225
225
223
227
227
229
231
229
230
222
224
221
222
221
221
221
225
226
223
226
225
226
222
224
230
231
234
232
231
233
230
233
230
234
233
234
232
229
229
229
226
229
229
227
231
235
229
233
236
236
238
237
236
241
239
238
236
238
237
236
239
239
237
230
233
232
238
234
227
229
229
223
229
230
227
226
226
225
227
227
222
221
226
228
230
229
230
224
220
222
228
230
230
229
230
230
227
227
226
228
223
228
223
221
221
220
220
217
218
212
218
217
221
223
223
222
225
224
225
226
224
222
221
224
227
219
217
215
219
218
219
218
222
225
224
225
225
223
222
219
215
214
215
215
214
216
216
215
215
217
221
221
222
219
219
219
220
219
221
218
217
222
223
222
221
225
224
220
215
213
212
213
211
208
211
213
215
220
219
216
215
217
219
219
221
224
221
222
220
220
217
215
219
217
217
221
220
223
224
224
223
224
224
221
221
220
221
222
227
225
219
219
215
214
219
216
216
220
219
221
221
222
220
222
220
219
220
217
220
220
221
220
222
223
220
224
223
227
224
229
229
227
228
227
227
223
225
223
223
221
223
227
226
229
228
228
227
231
231
229
229
223
224
226
226
225
223
222
221
220
220
218
222
218
221
218
218
216
217
216
218
218
221
220
221
220
220
218
220
222
222
222
221
219
222
216
218
221
218
216
217
220
217
215
215
216
217
219
222
222
221
219
221
215
217
220
220
223
220
220
223
222
223
225
224
224
222
223
221
218
217
214
214
216
217
218
218
217
216
214
214
216
219
214
215
214
218
217
214
214
214
214
211
210
209
211
210
212
211
208
214
214
215
217
215
215
216
215
211
211
210
207
210
210
209
211
212
213
213
214
217
215
219
219
222
224
224
224
220
218
224
223
227
228
228
229
229
228
227
225
220
222
223
218
217
222
222
223
222
220
222
222
221
223
222
223
227
224
223
226
229
227
225
221
217
218
221
220
221
225
227
228
227
226
225
227
226
225
224
221
216
220
217
216
217
215
219
217
217
215
213
211
214
214
215
218
220
220
220
220
221
219
220
224
225
222
221
221
221
224
222
223
224
221
221
221
220
220
219
219
217
218
223
221
218
219
219
216
217
216
215
217
218
216
216
217
215
215
214
218
218
218
216
216
217
214
218
214
213
216
214
214
218
219
221
219
216
220
218
218
217
217
218
222
222
220
223
223
221
222
223
223
223
222
225
226
225
227
225
224
226
224
228
228
227
227
226
227
225
227
228
224
223
224
223
222
215
219
218
217
217
216
218
217
219
221
221
218
218
219
218
216
218
221
221
223
222
223
220
222
228
226
222
224
219
217
215
214
214
219
219
220
221
222
224
223
225
226
225
222
223
224
226
227
225
224
221
221
219
218
218
220
217
217
214
217
218
216
217
216
213
215
215
212
217
217
215
216
217
223
222
222
221
222
220
217
219
215
220
220
223
221
223
224
226
230
229
227
226
223
225
227
227
226
227
227
223
223
225
230
230
229
229
227
227
230
231
231
233
231
231
230
228
224
223
221
221
222
218
220
219
218
216
217
219
218
216
215
216
216
215
217
217
217
213
215
212
213
210
207
206
206
206
205
209
209
209
212
214
212
213
213
215
