3
3
4
4
4
3
3
3
3
4
4
5
7
7
9
8
7
8
8
9
9
10
10
10
9
9
9
9
9
9
10
10
12
12
11
11
11
10
10
11
10
9
9
9
10
10
10
11
11
12
12
12
12
12
13
14
15
16
18
19
19
21
23
23
23
24
23
23
23
24
24
25
24
23
23
23
23
22
22
22
22
24
24
25
25
25
26
26
26
25
25
25
25
25
26
29
31
30
31
30
31
30
30
31
30
29
29
28
28
30
31
31
29
30
30
30
30
30
30
31
32
31
32
33
33
33
33
33
33
34
35
37
37
37
38
38
40
44
43
44
43
43
43
46
47
47
47
48
45
45
45
46
47
46
45
44
45
45
44
44
46
46
46
45
45
45
46
47
47
47
47
46
46
48
49
49
48
47
46
46
46
44
45
45
46
46
46
47
47
48
48
47
49
49
48
46
46
46
46
46
46
45
45
46
46
45
46
48
49
49
48
48
49
49
48
48
48
48
48
47
47
49
48
48
48
49
49
50
50
50
51
51
51
51
51
52
51
51
51
53
53
51
50
50
49
50
53
53
52
52
52
52
53
53
51
53
53
53
53
53
53
54
52
55
55
54
54
53
53
53
54
54
53
52
52
52
53
53
53
53
53
53
53
53
53
54
54
56
57
57
57
56
55
55
56
57
59
58
58
60
58
58
59
59
58
59
60
60
60
61
60
60
62
62
64
64
64
63
63
64
62
63
63
66
63
63
63
63
63
64
63
62
63
63
61
61
62
62
61
61
61
62
62
62
62
63
62
64
65
65
67
69
69
68
68
66
67
67
66
67
67
66
67
68
69
69
69
68
70
70
70
70
71
72
69
69
70
70
70
70
71
70
71
70
69
71
70
71
72
72
72
72
70
70
70
72
70
72
71
70
71
71
73
73
72
72
71
71
73
73
73
71
70
71
71
69
71
71
72
72
72
73
72
72
72
72
73
70
72
72
74
75
76
75
75
73
74
74
71
72
73
73
73
74
74
75
74
76
75
75
75
75
77
78
78
77
74
73
74
75
74
74
74
73
74
73
74
73
74
74
74
75
75
73
73
70
70
67
67
67
67
68
68
67
67
67
67
67
68
68
67
68
68
68
67
67
67
67
67
65
64
64
64
63
63
64
64
63
64
64
65
65
65
65
64
64
64
64
65
65
66
67
67
68
70
70
70
68
67
65
67
67
66
65
67
67
67
67
67
66
66
68
67
66
68
68
67
68
68
67
66
66
67
69
69
67
68
68
68
68
68
67
70
70
67
67
68
69
69
70
69
69
68
68
66
68
70
73
74
74
74
75
75
74
75
73
74
72
72
71
71
72
72
74
74
74
74
75
74
73
73
74
73
72
73
73
73
73
72
71
71
71
70
69
70
70
70
70
70
68
68
71
70
72
72
72
72
71
71
71
69
70
67
66
66
66
67
67
68
69
70
67
69
69
70
70
69
70
71
70
70
69
69
69
69
68
68
69
69
69
68
69
70
71
72
71
71
71
72
71
69
71
71
71
74
74
74
74
75
75
75
73
72
71
73
72
72
71
71
72
69
71
72
70
72
72
72
72
72
73
72
71
71
71
73
73
72
72
72
74
75
74
74
74
73
73
73
72
72
73
74
74
74
74
72
73
73
73
74
74
74
74
74
73
73
73
72
74
75
76
77
77
77
77
77
76
76
77
78
76
79
78
77
76
75
75
76
76
76
75
75
77
77
76
74
74
75
75
76
76
77
77
76
75
76
76
76
78
78
78
78
76
76
75
74
75
76
76
76
76
76
76
77
76
76
76
76
76
77
80
81
81
81
80
78
79
80
78
78
77
77
77
77
77
77
77
76
77
75
75
76
77
77
77
78
77
77
78
76
77
78
80
81
81
81
80
80
80
80
80
83
85
86
85
85
85
87
86
86
87
88
90
92
93
92
90
91
92
89
90
90
90
91
92
91
90
87
86
85
85
85
83
83
83
82
83
82
83
82
83
80
80
80
80
81
81
79
78
79
80
80
80
81
83
82
84
86
88
90
90
90
88
87
88
88
88
88
88
89
89
87
87
86
86
86
87
87
87
88
86
86
86
85
85
85
85
86
87
89
89
90
90
93
94
97
99
99
98
99
98
96
97
96
94
95
93
94
95
94
93
94
94
94
95
95
96
97
99
99
98
94
93
91
91
93
92
91
91
92
92
92
91
92
91
91
92
94
94
93
95
94
92
93
93
93
93
93
92
91
91
90
89
90
90
91
92
91
91
90
89
