3
3
4
4
4
4
4
4
4
5
5
6
8
8
10
10
10
11
11
12
13
14
14
15
15
15
15
15
15
15
16
16
18
18
18
18
19
19
19
20
20
20
20
20
21
21
21
22
22
23
23
23
24
24
25
26
27
28
30
32
33
35
37
37
37
37
38
38
39
40
40
41
41
41
42
42
42
43
43
43
43
45
45
46
46
46
46
47
47
47
48
48
48
48
49
52
54
54
55
55
56
56
56
57
57
57
57
57
57
58
59
59
59
60
60
60
60
60
60
60
61
61
62
62
62
62
62
62
62
63
65
66
66
66
67
68
70
73
73
74
74
74
74
75
75
75
75
76
76
76
76
77
78
78
78
78
78
80
80
81
83
83
83
83
83
83
84
85
85
86
86
86
86
87
88
88
88
88
88
88
88
88
89
89
90
90
90
91
91
92
92
92
95
95
95
95
95
95
95
95
95
95
95
95
95
95
97
97
98
99
99
99
100
100
100
100
100
100
100
100
100
102
102
102
103
104
104
105
106
106
108
108
108
108
108
110
110
111
111
112
112
112
113
114
114
116
119
119
119
120
120
121
122
122
122
124
124
124
124
124
124
125
125
127
128
128
128
128
128
128
129
129
129
129
129
129
129
129
129
129
129
130
130
130
130
131
131
132
134
134
134
134
135
135
135
136
137
137
137
138
138
139
141
141
141
142
143
143
143
144
145
146
148
149
150
150
150
150
151
152
152
152
152
154
154
155
155
157
157
157
157
157
158
159
159
159
160
160
160
160
160
161
161
161
161
162
162
164
165
166
167
169
171
171
171
171
172
173
173
174
174
174
176
177
178
179
179
179
181
181
181
181
181
182
182
182
183
183
183
183
184
184
186
187
187
188
189
191
192
193
193
194
194
194
194
195
196
198
198
198
199
199
201
202
202
203
203
203
205
205
206
206
207
209
209
209
211
211
212
214
214
215
215
215
215
215
216
217
219
219
221
221
221
222
222
222
223
223
223
224
224
224
224
225
226
227
227
228
228
228
228
229
231
232
232
232
233
233
234
235
235
235
235
235
235
235
236
236
237
237
237
238
238
238
238
238
238
239
240
241
241
243
244
244
244
244
244
244
245
245
245
246
246
247
247
247
247
249
249
249
249
249
250
250
251
251
251
251
253
253
253
253
253
253
253
253
253
253
255
256
257
259
259
260
262
262
262
262
263
263
264
264
264
264
266
267
268
268
268
268
268
270
270
270
273
273
273
274
275
275
275
275
276
277
277
277
277
277
277
277
277
277
279
280
280
280
282
284
285
286
286
286
287
288
288
290
291
294
295
297
297
298
298
298
299
299
300
300
300
300
301
302
302
305
305
305
305
306
306
306
307
308
308
308
309
309
310
310
310
310
310
310
311
311
312
312
312
312
312
312
312
314
314
317
319
319
319
320
320
322
322
322
322
322
322
323
324
325
326
328
329
329
331
331
332
332
333
334
335
335
336
337
337
337
337
337
338
340
341
341
342
343
345
346
347
347
347
347
348
348
348
350
350
350
352
352
352
353
356
357
357
357
357
357
359
359
359
359
360
361
361
363
363
363
365
365
365
365
366
366
366
367
367
367
369
369
371
371
371
373
374
374
374
375
375
375
375
375
375
376
377
378
378
378
379
381
381
382
383
383
384
385
385
385
386
386
386
388
389
391
392
393
394
395
397
397
400
401
402
402
405
405
405
405
406
407
408
408
409
409
409
412
413
414
414
415
416
416
417
417
418
418
418
418
418
419
419
421
422
422
422
422
422
422
422
422
422
424
425
425
425
427
428
428
428
428
428
430
431
433
435
435
436
436
436
437
438
438
438
438
438
438
438
438
438
438
438
439
440
440
441
442
442
442
443
443
443
444
444
445
446
448
449
449
449
449
450
450
452
452
454
455
456
456
456
456
458
458
459
461
462
464
466
467
467
468
469
470
470
471
472
472
473
475
475
475
475
475
475
475
475
475
475
475
475
476
476
477
478
481
481
483
483
484
486
486
486
487
488
490
490
492
492
494
494
496
498
500
502
502
502
502
503
504
506
507
508
509
510
510
510
510
510
511
511
512
513
515
516
516
516
517
517
517
518
518
519
520
523
523
524
525
528
530
532
534
534
534
534
534
534
535
535
536
538
538
539
540
540
541
542
543
543
544
545
546
547
549
550
550
551
554
554
554
556
556
556
556
557
557
557
557
558
558
559
560
562
562
563
566
566
568
569
569
569
571
572
572
572
573
573
573
575
576
577
578
579
580
581
581
