0 1
20 1
29 1
41 2
53 1
126 1
178 1
191 1
195 1
205 1
206 1
212 1
216 1
223 1
244 2
251 1
259 1
267 1
271 1
284 1
293 1
319 1
346 1
351 1
363 1
365 1
368 1
374 1
383 1
394 1
403 1
416 1
423 2
438 1
440 1
445 1
456 1
461 1
462 1
468 2
470 1
475 1
476 1
477 2
482 1
497 1
502 1
504 1
511 1
517 1
518 1
520 1
521 1
523 1
526 1
529 2
538 1
542 2
546 1
547 1
548 1
554 1
557 1
558 1
559 1
561 1
563 1
568 1
570 2
573 1
583 1
584 1
589 1
590 1
593 1
597 1
599 1
606 1
615 1
622 1
623 1
626 2
628 1
632 1
645 1
650 1
651 1
656 1
659 1
667 1
669 1
670 1
671 1
676 1
677 1
679 1
681 1
684 1
688 3
689 1
691 1
693 1
696 2
697 1
700 1
703 1
704 1
705 1
706 1
708 1
710 1
713 1
725 1
727 1
730 1
733 2
734 1
738 1
739 1
740 1
742 1
743 1
745 1
747 1
748 1
753 1
754 1
755 2
757 1
763 1
766 1
767 1
768 2
787 2
789 2
790 2
791 2
793 1
795 2
797 1
800 1
802 1
804 2
805 1
809 1
813 1
814 1
815 1
818 1
820 2
822 2
824 1
826 1
827 1
828 1
831 1
833 1
836 1
837 1
838 1
842 1
846 2
851 1
854 1
857 3
858 1
859 2
860 2
862 1
863 1
866 3
867 1
869 2
870 1
871 1
872 1
873 1
876 2
877 3
878 2
879 2
880 3
882 2
884 2
887 1
892 1
894 1
896 2
897 2
899 6
900 2
901 1
903 2
905 1
907 1
912 1
913 2
914 1
915 1
916 1
917 4
918 1
919 1
920 1
921 1
924 1
925 1
926 3
927 3
928 2
929 1
930 2
931 1
934 1
935 2
936 1
938 1
941 1
942 1
943 1
944 3
946 2
947 2
949 1
951 2
952 1
953 1
956 5
957 3
958 2
959 1
960 1
961 2
963 2
964 2
966 1
968 2
969 3
970 2
971 4
973 2
974 4
975 1
976 2
977 1
978 1
981 2
983 2
985 3
986 1
987 2
988 2
989 1
990 4
991 1
992 1
993 2
994 3
995 1
996 2
997 1
999 2
1000 1
1001 1
1002 1
