   1 0
   1 20
   1 29
   2 41
   1 53
   1 126
   1 178
   1 191
   1 195
   1 205
   1 206
   1 212
   1 216
   1 223
   2 244
   1 251
   1 259
   1 267
   1 271
   1 284
   1 293
   1 319
   1 346
   1 351
   1 363
   1 365
   1 368
   1 374
   1 383
   1 394
   1 403
   1 416
   2 423
   1 438
   1 440
   1 445
   1 456
   1 461
   1 462
   2 468
   1 470
   1 475
   1 476
   2 477
   1 482
   1 497
   1 502
   1 504
   1 511
   1 517
   1 518
   1 520
   1 521
   1 523
   1 526
   2 529
   1 538
   2 542
   1 546
   1 547
   1 548
   1 554
   1 557
   1 558
   1 559
   1 561
   1 563
   1 568
   2 570
   1 573
   1 583
   1 584
   1 589
   1 590
   1 593
   1 597
   1 599
   1 606
   1 615
   1 622
   1 623
   2 626
   1 628
   1 632
   1 645
   1 650
   1 651
   1 656
   1 659
   1 667
   1 669
   1 670
   1 671
   1 676
   1 677
   1 679
   1 681
   1 684
   3 688
   1 689
   1 691
   1 693
   2 696
   1 697
   1 700
   1 703
   1 704
   1 705
   1 706
   1 708
   1 710
   1 713
   1 725
   1 727
   1 730
   2 733
   1 734
   1 738
   1 739
   1 740
   1 742
   1 743
   1 745
   1 747
   1 748
   1 753
   1 754
   2 755
   1 757
   1 763
   1 766
   1 767
   2 768
   2 787
   2 789
   2 790
   2 791
   1 793
   2 795
   1 797
   1 800
   1 802
   2 804
   1 805
   1 809
   1 813
   1 814
   1 815
   1 818
   2 820
   2 822
   1 824
   1 826
   1 827
   1 828
   1 831
   1 833
   1 836
   1 837
   1 838
   1 842
   2 846
   1 851
   1 854
   3 857
   1 858
   2 859
   2 860
   1 862
   1 863
   3 866
   1 867
   2 869
   1 870
   1 871
   1 872
   1 873
   2 876
   3 877
   2 878
   2 879
   3 880
   2 882
   2 884
   1 887
   1 892
   1 894
   2 896
   2 897
   6 899
   2 900
   1 901
   2 903
   1 905
   1 907
   1 912
   2 913
   1 914
   1 915
   1 916
   4 917
   1 918
   1 919
   1 920
   1 921
   1 924
   1 925
   3 926
   3 927
   2 928
   1 929
   2 930
   1 931
   1 934
   2 935
   1 936
   1 938
   1 941
   1 942
   1 943
   3 944
   2 946
   2 947
   1 949
   2 951
   1 952
   1 953
   5 956
   3 957
   2 958
   1 959
   1 960
   2 961
   2 963
   2 964
   1 966
   2 968
   3 969
   2 970
   4 971
   2 973
   4 974
   1 975
   2 976
   1 977
   1 978
   2 981
   2 983
   3 985
   1 986
   2 987
   2 988
   1 989
   4 990
   1 991
   1 992
   2 993
   3 994
   1 995
   2 996
   1 997
   2 999
   1 1000
   1 1001
   1 1002
